12/01/2019 01 10 13 20 36
11/30/2019 01 04 19 21 39
11/29/2019 01 02 09 16 41
11/28/2019 07 12 20 35 40
11/27/2019 22 23 33 38 41
11/26/2019 05 24 34 41 42
11/25/2019 01 10 18 19 34
11/24/2019 06 19 25 40 43
11/23/2019 01 06 11 30 34
11/22/2019 04 21 25 27 43
11/21/2019 02 07 11 26 33
11/20/2019 04 14 30 32 36
11/19/2019 07 20 22 35 42
11/18/2019 02 05 07 18 21
11/17/2019 17 22 34 39 42
11/16/2019 02 12 27 35 42
11/15/2019 04 05 22 28 30
11/14/2019 09 10 19 27 38
11/13/2019 07 09 22 29 33
11/12/2019 17 22 25 32 35
11/11/2019 02 04 11 30 34
11/10/2019 08 10 14 20 24
11/09/2019 02 03 25 31 32
11/08/2019 03 09 10 27 31
11/07/2019 17 19 22 28 32
11/06/2019 07 22 23 28 39
11/05/2019 08 09 30 36 43
11/04/2019 16 23 35 38 40
11/03/2019 22 23 33 34 43
11/02/2019 08 23 34 40 41
11/01/2019 10 19 23 37 40
10/31/2019 06 26 28 32 35
10/30/2019 07 31 35 36 39
10/29/2019 19 20 22 33 42
10/28/2019 22 24 29 33 38
10/27/2019 04 26 27 33 37
10/26/2019 05 11 13 35 38
10/25/2019 01 05 27 30 43
10/24/2019 16 20 21 24 42
10/23/2019 06 08 12 15 29
10/22/2019 07 13 21 22 23
10/21/2019 03 04 08 26 42
10/20/2019 07 14 15 31 37
10/19/2019 02 12 30 33 39
10/18/2019 05 07 29 35 41
10/17/2019 06 15 16 30 39
10/16/2019 13 20 26 30 40
10/15/2019 02 05 28 34 35
10/14/2019 03 08 12 15 18
10/13/2019 05 08 14 36 43
10/12/2019 15 16 19 22 29
10/11/2019 01 26 33 35 40
10/10/2019 17 22 28 29 42
10/09/2019 11 19 32 36 43
10/08/2019 02 09 14 17 28
10/07/2019 08 10 19 30 40
10/06/2019 06 22 26 35 36
10/05/2019 09 11 14 16 19
10/04/2019 02 04 12 13 28
10/03/2019 07 16 18 28 32
10/02/2019 19 26 27 31 43
10/01/2019 05 15 28 31 37
09/30/2019 06 10 12 34 41
09/29/2019 06 08 14 28 37
09/28/2019 24 27 29 31 43
09/27/2019 07 18 27 36 38
09/26/2019 15 16 17 26 32
09/25/2019 03 16 27 35 41
09/24/2019 08 13 19 27 43
09/23/2019 12 13 21 29 39
09/22/2019 04 10 19 22 28
09/21/2019 14 26 27 32 41
09/20/2019 19 22 25 33 35
09/19/2019 05 29 32 34 35
09/18/2019 05 12 15 35 43
09/17/2019 08 15 19 41 43
09/16/2019 04 05 19 30 40
09/15/2019 04 23 27 33 34
09/14/2019 04 05 09 18 23
09/13/2019 14 16 17 31 34
09/12/2019 02 12 16 34 35
09/11/2019 14 28 29 41 43
09/10/2019 20 26 37 38 40
09/09/2019 19 28 30 33 43
09/08/2019 08 10 17 25 29
09/07/2019 05 10 13 40 43
09/06/2019 02 08 20 25 33
09/05/2019 04 23 31 37 43
09/04/2019 01 07 11 18 35
09/03/2019 04 13 24 39 40
09/02/2019 05 07 08 33 39
09/01/2019 06 09 14 19 24
08/31/2019 16 25 27 35 38
08/30/2019 15 22 24 27 31
08/29/2019 11 12 16 18 31
08/28/2019 10 26 28 32 35
08/27/2019 08 10 32 35 39
08/26/2019 03 10 28 32 40
08/25/2019 01 14 19 28 39
08/24/2019 06 10 25 32 42
08/23/2019 04 16 28 42 43
08/22/2019 01 18 31 33 43
08/21/2019 02 22 23 34 35
08/20/2019 11 13 27 34 40
08/19/2019 02 05 12 29 30
08/18/2019 01 19 21 30 41
08/17/2019 06 10 13 19 34
08/16/2019 01 20 24 26 34
08/15/2019 04 05 15 26 34
08/14/2019 06 07 13 29 36
08/13/2019 11 21 36 39 41
08/12/2019 08 10 21 25 35
08/11/2019 13 19 21 26 43
08/10/2019 02 03 04 11 26
08/09/2019 04 07 13 31 40
08/08/2019 11 16 24 26 42
08/07/2019 03 17 30 31 41
08/06/2019 02 09 16 27 33
08/05/2019 07 08 19 21 30
08/04/2019 02 09 28 38 39
08/03/2019 07 08 31 33 40
08/02/2019 23 31 33 34 36
08/01/2019 24 28 34 39 43
07/31/2019 06 13 19 30 36
07/30/2019 04 24 28 29 38
07/29/2019 04 11 14 16 26
07/28/2019 10 13 38 40 43
07/27/2019 07 21 22 35 39
07/26/2019 19 32 35 37 38
07/25/2019 06 09 14 18 35
07/24/2019 17 25 26 33 36
07/23/2019 06 15 18 35 36
07/22/2019 08 21 29 36 40
07/21/2019 12 23 26 27 32
07/20/2019 05 19 20 24 29
07/19/2019 09 16 22 27 33
07/18/2019 08 14 18 21 35
07/17/2019 15 16 19 20 30
07/16/2019 14 21 24 30 40
07/15/2019 02 05 07 19 28
07/14/2019 01 07 14 18 32
07/13/2019 03 13 18 24 25
07/12/2019 21 27 29 30 32
07/11/2019 01 13 23 37 42
07/10/2019 06 13 16 19 37
07/09/2019 02 13 23 28 43
07/08/2019 09 22 28 33 42
07/07/2019 06 14 15 23 38
07/06/2019 01 05 08 36 41
07/05/2019 01 05 24 25 36
07/04/2019 04 11 15 27 39
07/03/2019 06 09 12 23 35
07/02/2019 01 02 05 25 42
07/01/2019 04 13 19 31 42
06/30/2019 02 04 22 25 28
06/29/2019 02 14 18 34 39
06/28/2019 13 22 25 31 40
06/27/2019 02 19 24 25 28
06/26/2019 01 13 25 26 28
06/25/2019 01 09 29 33 43
06/24/2019 01 02 07 13 38
06/23/2019 13 18 23 33 37
06/22/2019 14 15 35 38 39
06/21/2019 01 18 19 24 25
06/20/2019 09 12 16 32 42
06/19/2019 02 11 14 15 36
06/18/2019 12 20 35 38 41
06/17/2019 06 15 25 26 28
06/16/2019 12 22 28 29 31
06/15/2019 01 02 13 17 29
06/14/2019 16 24 30 33 40
06/13/2019 01 03 04 06 31
06/12/2019 14 20 31 39 41
06/11/2019 01 11 12 14 31
06/10/2019 03 04 17 18 39
06/09/2019 06 17 22 33 34
06/08/2019 05 16 26 29 34
06/07/2019 04 11 14 21 27
06/06/2019 03 10 24 29 39
06/05/2019 09 20 25 27 41
06/04/2019 15 31 32 35 36
06/03/2019 15 18 19 20 31
06/02/2019 02 24 26 33 42
06/01/2019 11 22 25 28 39
05/31/2019 01 08 21 25 43
05/30/2019 03 04 07 16 18
05/29/2019 02 06 10 11 24
05/28/2019 01 13 18 27 33
05/27/2019 03 04 10 12 28
05/26/2019 10 14 38 40 42
05/25/2019 16 28 30 34 40
05/24/2019 03 19 26 32 40
05/23/2019 06 16 18 25 42
05/22/2019 15 16 23 37 43
05/21/2019 01 02 23 24 37
05/20/2019 01 15 23 28 32
05/19/2019 08 14 20 36 43
05/18/2019 09 36 38 39 40
05/17/2019 01 09 36 37 42
05/16/2019 14 22 24 28 37
05/15/2019 04 06 10 24 34
05/14/2019 12 13 17 23 29
05/13/2019 02 11 35 36 41
05/12/2019 03 05 14 18 35
05/11/2019 11 18 20 22 29
05/10/2019 17 18 19 24 35
05/09/2019 03 21 37 40 41
05/08/2019 01 25 26 32 38
05/07/2019 05 09 31 34 43
05/06/2019 07 13 17 33 39
05/05/2019 04 06 08 09 28
05/04/2019 09 19 21 28 38
05/03/2019 12 14 16 24 27
05/02/2019 12 27 36 37 41
05/01/2019 05 20 29 36 43
04/30/2019 11 25 26 27 31
04/29/2019 05 09 13 38 41
04/28/2019 06 07 12 13 28
04/27/2019 05 07 15 18 28
04/26/2019 01 09 12 23 43
04/25/2019 08 16 22 32 33
04/24/2019 24 25 28 38 39
04/23/2019 01 02 05 29 30
04/22/2019 04 08 17 26 36
04/21/2019 01 17 20 40 42
04/20/2019 09 18 27 28 40
04/19/2019 10 19 27 28 35
04/18/2019 04 05 06 22 43
04/17/2019 01 13 23 24 36
04/16/2019 08 22 24 26 39
04/15/2019 01 11 17 33 35
04/14/2019 11 18 21 38 43
04/13/2019 01 05 08 25 41
04/12/2019 04 06 08 21 39
04/11/2019 08 13 26 27 39
04/10/2019 05 15 22 31 43
04/09/2019 04 08 18 25 33
04/08/2019 02 03 07 17 22
04/07/2019 09 11 32 38 39
04/06/2019 03 04 08 35 40
04/05/2019 10 15 19 36 42
04/04/2019 09 14 15 24 35
04/03/2019 02 03 06 31 38
04/02/2019 06 12 19 40 41
04/01/2019 03 16 17 35 41
03/31/2019 08 23 34 39 42
03/30/2019 05 08 35 37 39
03/29/2019 03 16 19 24 31
03/28/2019 08 09 33 40 42
03/27/2019 05 18 29 31 32
03/26/2019 03 06 08 22 36
03/25/2019 08 15 19 21 28
03/24/2019 15 17 34 40 42
03/23/2019 07 15 26 27 32
03/22/2019 07 27 29 38 39
03/21/2019 02 15 24 27 38
03/20/2019 01 04 14 15 30
03/19/2019 04 05 11 12 23
03/18/2019 15 17 23 26 41
03/17/2019 14 25 29 39 43
03/16/2019 06 07 21 30 35
03/15/2019 14 15 16 24 29
03/14/2019 02 08 12 38 40
03/13/2019 08 10 12 37 40
03/12/2019 03 05 24 40 42
03/11/2019 06 15 24 27 38
03/10/2019 07 08 24 27 43
03/09/2019 04 34 37 41 43
03/08/2019 08 16 22 24 42
03/07/2019 03 16 18 29 34
03/06/2019 01 17 20 22 31
03/05/2019 10 19 23 28 41
03/04/2019 06 09 24 30 40
03/03/2019 01 04 07 16 28
03/02/2019 24 30 34 35 38
03/01/2019 10 15 23 33 42
02/28/2019 03 10 16 18 43
02/27/2019 24 28 37 41 42
02/26/2019 03 26 29 30 32
02/25/2019 16 17 36 38 41
02/24/2019 02 19 22 35 43
02/23/2019 01 04 25 31 36
02/22/2019 03 13 17 20 32
02/21/2019 11 25 31 37 39
02/20/2019 07 13 15 18 21
02/19/2019 01 17 18 19 37
02/18/2019 06 13 23 30 32
02/17/2019 01 19 30 31 37
02/16/2019 10 12 19 34 37
02/15/2019 02 12 20 21 41
02/14/2019 07 10 24 36 43
02/13/2019 04 10 17 38 42
02/12/2019 04 15 18 22 31
02/11/2019 08 15 18 24 39
02/10/2019 02 03 06 14 21
02/09/2019 07 09 13 24 36
02/08/2019 05 06 09 35 42
02/07/2019 06 19 35 36 42
02/06/2019 18 26 30 32 43
02/05/2019 03 18 25 36 37
02/04/2019 02 21 25 31 42
02/03/2019 15 18 20 28 36
02/02/2019 01 12 16 34 38
02/01/2019 08 11 14 15 26
01/31/2019 05 22 39 40 42
01/30/2019 11 15 26 39 42
01/29/2019 05 16 25 26 33
01/28/2019 02 09 27 37 38
01/27/2019 07 12 25 30 32
01/26/2019 12 26 30 38 39
01/25/2019 02 15 21 25 26
01/24/2019 06 08 24 26 40
01/23/2019 02 10 16 25 31
01/22/2019 08 10 25 35 39
01/21/2019 09 23 26 30 39
01/20/2019 01 06 16 31 40
01/19/2019 14 19 25 28 41
01/18/2019 01 05 26 28 35
01/17/2019 01 06 28 38 43
01/16/2019 06 13 15 39 43
01/15/2019 02 03 27 28 32
01/14/2019 09 17 26 28 34
01/13/2019 01 04 12 15 24
01/12/2019 09 10 16 21 43
01/11/2019 08 14 18 40 43
01/10/2019 04 09 25 29 36
01/09/2019 10 12 18 35 43
01/08/2019 22 26 30 39 40
01/07/2019 07 20 29 33 36
01/06/2019 07 21 26 30 41
01/05/2019 07 12 18 23 31
01/04/2019 07 31 32 34 43
01/03/2019 13 15 21 28 43
01/02/2019 03 10 33 39 40
01/01/2019 02 16 30 35 41
12/31/2018 13 15 19 22 26
12/30/2018 15 22 24 33 34
12/29/2018 21 25 28 31 33
12/28/2018 02 11 16 19 41
12/27/2018 04 10 11 12 35
12/26/2018 05 11 28 37 39
12/24/2018 13 29 30 34 36
12/23/2018 08 22 23 30 35
12/22/2018 08 11 13 26 27
12/21/2018 06 08 23 31 42
12/20/2018 01 05 13 16 41
12/19/2018 13 27 30 31 42
12/18/2018 26 30 33 36 40
12/17/2018 02 05 10 17 23
12/16/2018 03 18 19 29 36
12/15/2018 10 17 35 37 41
12/14/2018 01 03 08 20 37
12/13/2018 05 23 24 28 35
12/12/2018 02 17 19 34 37
12/11/2018 13 27 29 33 41
12/10/2018 04 07 17 30 31
12/09/2018 06 08 11 12 32
12/08/2018 15 17 20 28 33
12/07/2018 01 14 15 32 33
12/06/2018 13 16 21 34 40
12/05/2018 08 17 28 37 43
12/04/2018 04 11 16 22 25
12/03/2018 18 27 31 34 39
12/02/2018 06 14 15 20 21
12/01/2018 06 08 12 19 27
11/30/2018 03 08 22 31 34
