08/02/2022 01 13 15 19 35
08/01/2022 01 23 24 35 38
07/31/2022 07 11 26 37 43
07/30/2022 04 11 25 27 31
07/29/2022 02 22 31 40 41
07/28/2022 09 11 18 21 38
07/27/2022 12 27 28 37 41
07/26/2022 12 20 31 36 37
07/25/2022 03 16 26 39 42
07/24/2022 01 21 27 36 45
07/23/2022 01 05 12 14 19
07/22/2022 05 11 14 31 32
07/21/2022 03 08 19 25 32
07/20/2022 03 14 15 19 25
07/19/2022 10 34 38 39 40
07/18/2022 01 09 10 39 43
07/17/2022 08 16 32 33 36
07/16/2022 07 09 12 31 41
07/15/2022 03 15 24 26 33
07/14/2022 11 24 28 34 38
07/13/2022 02 08 19 23 28
07/12/2022 07 14 19 30 35
07/11/2022 04 12 30 31 41
07/10/2022 08 10 19 27 43
07/09/2022 09 11 23 28 40
07/08/2022 02 14 19 20 41
07/07/2022 13 24 25 33 41
07/06/2022 15 20 21 32 40
07/05/2022 04 10 13 20 30
07/04/2022 03 13 17 18 19
07/03/2022 02 03 11 25 35
07/02/2022 01 05 19 32 34
07/01/2022 02 17 36 38 45
06/30/2022 10 13 24 32 37
06/29/2022 13 15 22 40 42
06/28/2022 09 13 15 27 30
06/27/2022 07 11 15 21 40
06/26/2022 02 06 28 30 39
06/25/2022 04 13 20 33 44
06/24/2022 12 22 37 38 39
06/23/2022 12 13 34 39 40
06/22/2022 05 11 32 35 45
06/21/2022 02 03 11 30 42
06/20/2022 06 26 30 35 45
06/19/2022 06 10 12 16 34
06/18/2022 02 09 15 21 24
06/17/2022 10 12 25 28 36
06/16/2022 20 27 28 32 35
06/15/2022 03 22 25 33 41
06/14/2022 04 31 35 42 45
06/13/2022 01 19 21 43 45
06/12/2022 05 17 30 33 43
06/11/2022 08 16 27 28 44
06/10/2022 07 31 35 38 39
06/09/2022 06 10 20 32 39
06/08/2022 01 30 31 35 41
06/07/2022 04 17 33 34 39
06/06/2022 23 24 27 39 40
06/05/2022 02 37 38 42 45
06/04/2022 03 08 12 23 36
06/03/2022 19 29 34 41 42
06/02/2022 09 10 13 29 41
06/01/2022 08 16 25 27 39
05/31/2022 15 20 24 25 27
05/30/2022 01 04 11 19 38
05/29/2022 04 07 31 32 34
05/28/2022 01 09 27 33 45
05/27/2022 14 15 19 40 45
05/26/2022 02 05 08 14 44
05/25/2022 02 16 25 37 45
05/24/2022 04 27 31 40 43
05/23/2022 01 03 04 20 34
05/22/2022 02 15 24 25 45
05/21/2022 01 11 22 24 28
05/20/2022 14 26 29 43 44
05/19/2022 01 05 06 10 22
05/18/2022 07 28 29 30 34
05/17/2022 01 11 14 16 19
05/16/2022 08 13 24 36 41
05/15/2022 01 13 25 28 38
05/14/2022 03 08 33 34 44
05/13/2022 07 17 21 27 39
05/12/2022 06 20 21 24 36
05/11/2022 05 27 33 35 41
05/10/2022 02 17 19 31 40
05/09/2022 02 04 06 37 43
05/08/2022 10 17 22 25 27
05/07/2022 07 13 16 28 34
05/06/2022 10 11 28 31 38
05/05/2022 15 33 38 40 43
05/04/2022 03 08 16 23 45
05/03/2022 06 13 14 15 44
05/02/2022 05 07 20 26 40
05/01/2022 09 13 27 29 44
04/30/2022 05 17 32 34 44
04/29/2022 22 24 27 28 34
04/28/2022 11 21 24 37 43
04/27/2022 14 19 25 36 39
04/26/2022 05 12 14 16 34
04/25/2022 09 10 19 25 43
04/24/2022 12 19 23 28 31
04/23/2022 06 07 13 35 43
04/22/2022 01 04 18 33 41
04/21/2022 26 28 34 37 41
04/20/2022 06 13 23 24 34
04/19/2022 10 18 22 37 41
04/18/2022 17 27 34 42 45
04/17/2022 26 27 28 40 42
04/16/2022 14 25 27 28 34
04/15/2022 08 10 20 26 34
04/14/2022 03 06 26 29 42
04/13/2022 03 28 36 39 40
04/12/2022 12 16 25 39 40
04/11/2022 10 15 19 37 42
04/10/2022 04 05 11 27 29
04/09/2022 07 21 37 39 44
04/08/2022 03 08 13 27 38
04/07/2022 03 14 20 26 42
04/06/2022 03 07 24 27 35
04/05/2022 03 11 19 22 26
04/04/2022 03 19 29 40 41
04/03/2022 09 12 20 22 32
04/02/2022 06 12 18 19 43
04/01/2022 06 08 11 29 42
03/31/2022 17 22 26 30 42
03/30/2022 09 11 24 26 38
03/29/2022 10 12 27 30 32
03/28/2022 02 04 14 36 39
03/27/2022 07 14 24 27 44
03/26/2022 09 21 27 33 34
03/25/2022 04 09 18 26 35
03/24/2022 02 06 26 35 41
03/23/2022 08 22 24 27 38
03/22/2022 03 14 19 28 34
03/21/2022 16 22 28 36 39
03/20/2022 14 17 36 37 39
03/19/2022 05 07 27 36 40
03/18/2022 12 20 21 22 33
03/17/2022 08 18 22 41 45
03/16/2022 09 16 41 44 45
03/15/2022 07 16 36 38 41
03/14/2022 11 13 28 31 36
03/13/2022 03 06 27 35 45
03/12/2022 13 15 28 35 43
03/11/2022 04 16 17 32 39
03/10/2022 07 11 14 22 36
03/09/2022 02 03 07 15 40
03/08/2022 09 17 20 25 26
03/07/2022 12 26 28 36 41
03/06/2022 03 04 07 32 45
03/05/2022 06 18 28 33 43
03/04/2022 02 22 26 37 41
03/03/2022 04 05 16 18 24
03/02/2022 13 20 26 33 34
03/01/2022 01 05 06 28 43
02/28/2022 11 13 15 17 32
02/27/2022 09 18 36 37 38
02/26/2022 01 22 30 33 41
02/25/2022 04 12 25 29 34
02/24/2022 04 12 21 25 39
02/23/2022 06 08 13 42 45
02/22/2022 01 02 21 31 37
02/21/2022 08 18 32 33 37
02/20/2022 02 06 11 13 35
02/19/2022 06 08 18 33 36
02/18/2022 06 16 31 35 36
02/17/2022 12 18 33 39 43
02/16/2022 05 08 26 29 30
02/15/2022 08 09 22 29 34
02/14/2022 11 20 28 42 45
02/13/2022 11 12 18 26 44
02/12/2022 08 15 26 28 30
02/11/2022 01 05 23 30 36
02/10/2022 01 17 32 36 39
02/09/2022 09 14 36 40 45
02/08/2022 08 14 35 37 45
02/07/2022 08 13 17 24 39
02/06/2022 04 18 22 42 44
02/05/2022 04 06 17 39 42
02/04/2022 07 09 20 26 30
02/03/2022 09 16 18 26 35
02/02/2022 02 05 08 21 23
02/01/2022 01 24 31 38 45
01/31/2022 06 25 26 31 44
01/30/2022 22 31 37 38 40
01/29/2022 07 09 11 19 44
01/28/2022 06 22 24 33 34
01/27/2022 05 07 19 34 45
01/26/2022 05 14 16 34 42
01/25/2022 06 18 20 21 31
01/24/2022 01 10 22 24 33
01/23/2022 01 07 25 27 38
01/22/2022 02 10 13 17 28
01/21/2022 04 17 22 30 31
01/20/2022 12 23 25 29 36
01/19/2022 07 13 15 33 37
01/18/2022 09 11 16 25 41
01/17/2022 27 39 41 44 45
01/16/2022 04 11 28 41 42
01/15/2022 08 20 27 28 31
01/14/2022 14 31 32 34 40
01/13/2022 18 23 34 39 44
01/12/2022 08 28 29 30 40
01/11/2022 07 24 25 27 38
01/10/2022 08 12 15 32 33
01/09/2022 01 04 13 27 41
01/08/2022 12 16 22 26 45
01/07/2022 06 20 22 25 45
01/06/2022 03 05 18 23 42
01/05/2022 20 21 34 44 45
01/04/2022 17 21 23 27 41
01/03/2022 08 17 19 20 38
01/02/2022 01 02 13 37 43
01/01/2022 11 16 23 28 39
12/31/2021 01 12 15 32 44
12/30/2021 08 11 28 40 43
12/29/2021 02 15 16 31 36
12/28/2021 02 08 09 17 39
12/27/2021 01 02 04 06 07
12/26/2021 16 19 23 25 41
12/24/2021 16 20 39 42 45
12/23/2021 08 18 37 42 44
12/22/2021 01 24 32 38 40
12/21/2021 02 13 22 30 45
12/20/2021 08 18 35 38 43
12/19/2021 04 06 19 23 44
12/18/2021 16 18 23 38 42
12/17/2021 06 35 36 42 43
12/16/2021 02 11 37 38 43
12/15/2021 03 11 23 38 42
12/14/2021 01 11 19 30 32
12/13/2021 24 32 35 41 42
12/12/2021 02 08 09 19 23
12/11/2021 07 08 24 33 35
12/10/2021 04 28 31 35 44
12/09/2021 02 13 22 27 37
12/08/2021 11 16 25 34 40
12/07/2021 11 22 23 26 29
12/06/2021 04 10 11 30 37
12/05/2021 02 19 29 33 41
12/04/2021 01 21 26 38 44
12/03/2021 03 05 09 13 37
12/02/2021 02 03 13 23 25
12/01/2021 11 16 33 36 37
11/30/2021 07 23 28 32 34
11/29/2021 01 22 27 29 45
11/28/2021 13 26 33 42 43
11/27/2021 03 08 10 17 20
11/26/2021 08 19 28 38 39
11/25/2021 05 22 24 31 41
11/24/2021 01 02 19 20 26
11/23/2021 09 14 17 28 29
11/22/2021 28 32 33 35 42
11/21/2021 03 08 13 27 38
11/20/2021 02 05 10 29 45
11/19/2021 06 15 23 43 44
11/18/2021 03 04 06 12 15
11/17/2021 09 14 17 20 37
11/16/2021 23 26 34 42 45
11/15/2021 07 24 26 28 34
11/14/2021 05 21 22 29 43
11/13/2021 03 14 31 38 41
11/12/2021 03 24 35 36 42
11/11/2021 07 23 31 35 43
11/10/2021 04 33 35 38 43
11/09/2021 21 29 38 43 44
11/08/2021 12 17 20 29 35
11/07/2021 13 18 20 29 43
11/06/2021 06 08 28 31 42
11/05/2021 03 21 29 31 45
11/04/2021 02 08 18 26 44
11/03/2021 13 16 25 35 42
11/02/2021 17 24 37 41 43
11/01/2021 01 03 08 21 26
10/31/2021 11 13 18 19 23
10/30/2021 01 12 30 31 43
10/29/2021 10 20 31 42 45
10/28/2021 13 20 23 24 35
10/27/2021 07 18 29 42 44
10/26/2021 02 08 12 15 38
10/25/2021 11 19 25 31 42
10/24/2021 05 08 11 15 23
10/23/2021 06 10 14 33 45
10/22/2021 14 15 18 26 42
10/21/2021 13 16 17 26 28
10/20/2021 01 02 28 32 37
10/19/2021 08 14 31 39 42
10/18/2021 02 07 24 39 42
10/17/2021 11 21 35 37 42
10/16/2021 07 33 36 39 43
10/15/2021 05 07 14 37 41
10/14/2021 03 07 09 19 24
10/13/2021 01 05 17 26 40
10/12/2021 09 20 36 41 44
10/11/2021 05 07 28 32 41
10/10/2021 01 04 10 18 43
10/09/2021 06 17 29 39 40
10/08/2021 01 04 05 25 36
10/07/2021 05 26 32 35 42
10/06/2021 01 07 19 28 32
10/05/2021 03 09 21 27 39
10/04/2021 06 07 30 36 38
10/03/2021 02 08 12 16 42
10/02/2021 08 20 30 32 35
10/01/2021 09 15 38 39 44
09/30/2021 03 17 22 23 40
09/29/2021 06 09 17 35 41
09/28/2021 01 15 16 30 36
09/27/2021 04 10 22 25 31
09/26/2021 14 18 22 28 34
09/25/2021 15 16 25 32 36
09/24/2021 18 20 34 40 41
09/23/2021 18 21 30 36 41
09/22/2021 10 11 26 33 35
09/21/2021 02 06 14 21 33
09/20/2021 02 03 07 11 25
